## +++++++++++++++++++++++++++++++++++++++++++++++++++++++++++

#### Script ID ####

## CLPL Municipalities Codes
## R version 4.1.0 (2021-05-18) -- "Camp Pontanezen"
## Date: May 2022

## Bastián González-Bustamante (University of Oxford, UK)
## https://bgonzalezbustamante.com
## Diego Aguilar (Training Data Lab)
## https://training-datalab.com

## Data Set on Local Government Indicators in Chile
## https://github.com/bgonzalezbustamante/local-gov-indicators

## +++++++++++++++++++++++++++++++++++++++++++++++++++++++++++

#### Code ####

## +++++++++++++++++++++++++++++++++++++++++++++++++++++++++++

cplt_code <- c("MU112", "MU005", "MU226", "MU025", "MU056", "MU107", "MU217", "MU009",
               "MU171", "MU310", "MU314", "MU019", "MU189", "MU298", "MU322", "MU166",
               "MU066", "MU201", "MU318", "MU038", "MU080", "MU331", "MU004", "MU092",
               "MU108", "MU126", "MU067", "MU007", "MU122", "MU195", "MU335", "MU110",
               "MU026", "MU157", "MU279", "MU192", "MU060", "MU175", "MU238", "MU272",
               "MU332", "MU030", "MU115", "MU229", "MU258", "MU114", "MU152", "MU023",
               "MU269", "MU284", "MU123", "MU016", "MU202", "MU215", "MU345", "MU116",
               "MU102", "MU118", "MU183", "MU280", "MU001", "MU029", "MU085", "MU086",
               "MU309", "MU286", "MU032", "MU143", "MU201", "MU243", "MU307", "MU254",
               "MU190", "MU260", "MU051", "MU054", "MU059", "MU081", "MU100", "MU134",
               "MU160", "MU164", "MU176", "MU188", "MU216", "MU218", "MU256", "MU266",
               "MU267", "MU303", "MU219", "MU119", "MU141", "MU165", "MU180", "MU203",
               "MU287", "MU039", "MU044", "MU147", "MU179", "MU199", "MU213", "MU223",
               "MU237", "MU305", "MU312", "MU064", "MU077", "MU087", "MU169", "MU206",
               "MU209", "MU271", "MU283", "MU300", "MU033", "MU037", "MU207", "MU078",
               "MU104", "MU138", "MU174", "MU262", "MU276", "MU278", "MU316", "MU333",
               "MU140", "MU055", "MU149", "MU204", "MU268", "MU290", "MU337", "MU342",
               "MU068", "MU090", "MU158", "MU306", "MU313", "MU137", "MU011", "MU027",
               "MU065", "MU075", "MU151", "MU321", "MU153", "MU010", "MU018", "MU131",
               "MU177", "MU178", "MU181", "MU249", "MU251", "MU302", "MU304", "MU329",
               "MU343", "MU003", "MU315", "MU028", "MU071", "MU076", "MU091", "MU097",
               "MU099", "MU136", "MU148", "MU172", "MU184", "MU194", "MU214", "MU222",
               "MU230", "MU277", "MU317", "MU323", "MU336", "MU339", "MU045", "MU008",
               "MU058", "MU072", "MU088", "MU150", "MU156", "MU159", "MU241", "MU264",
               "MU327", "MU334", "MU233", "MU020", "MU049", "MU093", "MU094", "MU155",
               "MU142", "MU170", "MU236", "MU031", "MU006", "MU046", "MU074", "MU079",
               "MU240", "MU246", "MU247", "MU248", "MU255", "MU191", "MU235", "MU242",
               "MU245", "MU274", "MU293", "MU296", "MU036", "MU095", "MU103", "MU198",
               "MU070", "MU129", "MU013", "MU047", "MU101", "MU050", "MU187", "MU326",
               "MU041", "MU273", "MU239", "MU130", "MU288", "MU017", "MU225", "MU227",
               "MU320", "MU234", "MU325", "MU144", "MU221", "MU292", "MU197", "MU173",
               "MU002", "MU073", "MU167", "MU297", "MU113", "MU330", "MU069", "MU133",
               "MU154", "MU162", "MU168", "MU196", "MU200", "MU127", "MU096", "MU128",
               "MU270", "MU012", "MU024", "MU244", "MU098", "MU042", "MU015", "MU083",
               "MU208", "MU220", "MU252", "MU289", "MU344", "MU259", "MU048", "MU052",
               "MU182", "MU224", "MU261", "MU328", "MU282", "MU053", "MU185", "MU285",
               "MU295", "MU319", "MU057", "MU132", "MU250", "MU231", "MU035", "MU265",
               "MU257", "MU109", "MU062", "MU111", "MU263", "MU341", "MU228", "MU135",
               "MU186", "MU308", "MU146", "MU089", "MU163", "MU205", "MU034", "MU294",
               "MU291", "MU161", "MU125", "MU212", "MU145", "MU117", "MU121", "MU301",
               "MU120", "MU082", "MU124", "MU022", "MU232", "MU311", "MU014", "MU281",
               "MU193", "MU211", "MU084", "MU139", "MU340", "MU338", "MU253", "MU043",
               "MU324", "MU210", "MU061", "MU040", "MU105", "MU299", "MU106", "MU275",
               "MU063")
